#vw,aw,true_va,va,aa,true_vg,vg,ag,true_aoa,aoa
:2019-06-07 000603000-0400:10.000,290.51706,74.87769,74.87769,18.9474,77.81865,77.81865,18.46755,2.44123,2.44123
:2019-06-07 000604000-0400:10.000,290.51706,74.87769,74.87769,18.94783,77.83726,77.83726,18.46812,2.44161,2.44161
:2019-06-07 000605000-0400:10.000,290.51709,74.87778,74.87778,18.94826,77.85596,77.85596,18.46969,2.4421,2.4421
:2019-06-07 000606000-0400:10.000,290.51709,74.87785,74.87785,18.94885,77.87476,77.87476,18.47103,2.44252,2.44252
:2019-06-07 000607000-0400:10.000,290.51712,74.87792,74.87792,18.94943,77.89344,77.89344,18.47258,2.44299,2.44299
:2019-06-07 000608000-0400:10.000,290.51712,74.87801,74.87801,18.95006,77.91232,77.91232,18.47406,2.44344,2.44344
:2019-06-07 000609000-0400:10.000,290.51715,74.87813,74.87813,18.9507,77.93109,77.93109,18.4749,2.44382,2.44382
:2019-06-07 000610000-0400:10.000,290.51715,74.87821,74.87821,18.95135,77.94996,77.94996,18.47646,2.44429,2.44429
:2019-06-07 000611000-0400:10.000,290.51718,74.87831,74.87831,18.95091,77.97717,77.97717,18.58636,2.44444,2.44444
:2019-06-07 000612000-0400:10.000,290.51718,74.92545,74.92545,18.84708,78.16579,78.16579,18.44257,2.42021,2.42021
:2019-06-07 000613000-0400:10.000,290.51721,75.06796,75.06796,18.81761,78.35082,78.35082,18.36208,2.40231,2.40231
:2019-06-07 000614000-0400:10.000,290.51721,75.22916,75.22916,18.83786,78.49442,78.49442,18.40141,2.39353,2.39353
:2019-06-07 000615000-0400:10.000,290.51724,75.36153,75.36153,18.84979,78.58828,78.58828,18.31566,2.3809,2.3809
:2019-06-07 000616000-0400:10.000,290.51724,75.45273,75.45273,18.87231,78.63943,78.63943,18.23597,2.36573,2.36573
:2019-06-07 000617000-0400:10.000,290.51724,75.50346,75.50346,18.88535,78.65739,78.65739,18.12402,2.35181,2.35181
:2019-06-07 000618000-0400:10.000,290.51727,75.51891,75.51891,18.8929,78.6516,78.6516,18.028,2.34142,2.34142
:2019-06-07 000619000-0400:10.000,290.51727,75.5079,75.5079,18.90048,78.63099,78.63099,17.97707,2.33529,2.33529
:2019-06-07 000620000-0400:10.000,290.51733,75.47813,75.47813,18.90418,78.6022,78.6022,17.9498,2.33316,2.33316
:2019-06-07 000621000-0400:10.000,290.51733,75.43681,75.43681,18.90477,78.57052,78.57052,17.94058,2.33411,2.33411
:2019-06-07 000622000-0400:10.000,290.51733,75.38916,75.38916,18.90333,78.53909,78.53909,17.94502,2.33728,2.33728
:2019-06-07 000623000-0400:10.000,290.51733,75.33997,75.33997,18.90072,78.51044,78.51044,17.95999,2.34214,2.34214
:2019-06-07 000624000-0400:10.000,290.51736,75.29182,75.29182,18.89787,78.48576,78.48576,17.97982,2.34766,2.34766
:2019-06-07 000625000-0400:10.000,290.51736,75.24633,75.24633,18.89512,78.46545,78.46545,18.00306,2.35361,2.35361
:2019-06-07 000626000-0400:10.000,290.5174,75.2054,75.2054,18.90235,78.45997,78.45997,17.52351,2.28223,2.28223
:2019-06-07 000627000-0400:10.000,290.5174,75.19267,75.19267,18.87294,78.60027,78.60027,16.20556,2.11725,2.11725
:2019-06-07 000628000-0400:10.000,290.51743,75.2797,75.2797,18.82989,78.96568,78.96568,15.28078,2.00264,2.00264
:2019-06-07 000629000-0400:10.000,290.51743,75.5416,75.5416,18.82088,79.56733,79.56733,14.83021,1.92881,1.92881
:2019-06-07 000630000-0400:10.000,290.51746,76.01524,76.01524,18.81857,80.37824,80.37824,14.50755,1.86594,1.86594
:2019-06-07 000631000-0400:10.000,290.51746,76.69504,76.69504,18.82622,81.35786,81.35786,14.1618,1.79379,1.79379
:2019-06-07 000632000-0400:10.000,290.51749,77.57158,77.57158,18.86077,82.48945,82.48945,13.75256,1.70027,1.70027
:2019-06-07 000633000-0400:10.000,290.51749,78.60474,78.60474,18.90501,83.73452,83.73452,13.21177,1.58628,21.58628
:2019-06-07 000634000-0400:10.000,290.51752,79.75814,79.75814,18.93616,85.06357,85.06357,12.7652,1.46658,21.46658
:2019-06-07 000635000-0400:10.000,290.51752,80.99628,80.99628,18.97835,86.41798,86.41798,13.83515,1.35984,21.35984
:2019-06-07 000636000-0400:10.000,290.51752,82.33732,82.33732,18.46819,87.77652,87.77652,14.46749,1.2351,21.2351
:2019-06-07 000637000-0400:10.000,290.51752,83.72526,83.72526,17.06057,89.02584,89.02584,13.46237,1.11688,21.11688
:2019-06-07 000638000-0400:10.000,290.51758,85.14933,85.14933,15.03859,90.19096,90.19096,11.55881,0.99607,20.99607
:2019-06-07 000639000-0400:10.000,290.51758,86.57233,86.57233,12.89351,91.3112,91.3112,9.66275,0.8622,20.8622
:2019-06-07 000640000-0400:10.000,290.51761,88.00436,88.00436,10.83146,92.44609,92.44609,7.80035,0.72023,20.72023
:2019-06-07 000641000-0400:10.000,290.51761,89.43697,89.43697,8.9926,93.61745,93.61745,5.9536,0.57429,20.57429
:2019-06-07 000642000-0400:10.000,290.51764,90.86211,90.86211,7.44661,94.83066,94.83066,4.16063,0.43241,20.43241
:2019-06-07 000643000-0400:10.001,290.52158,92.28435,92.28435,6.201,96.08974,96.08974,2.50368,0.29909,20.29909
:2019-06-07 000644000-0400:10.006,290.53351,93.64455,93.64455,5.35105,97.12253,97.12253,1.33048,0.19471,20.19471
:2019-06-07 000645000-0400:10.009,290.54199,94.81278,94.81278,4.71868,98.03395,98.03395,1.10882,0.13207,20.13207
:2019-06-07 000646000-0400:10.010,290.54733,95.85062,95.85062,4.11783,98.94624,98.94624,0.24259,0.07619,20.07619
:2019-06-07 000647000-0400:10.011,290.55054,96.82285,96.82285,3.70006,99.82748,99.82748,-0.20054,0.01867,20.01867
:2019-06-07 000648000-0400:10.012,290.55231,97.75668,97.75668,3.3277,100.69901,100.69901,-0.91483,-0.03793,19.96207
:2019-06-07 000649000-0400:10.012,290.55319,98.66444,98.66444,3.02568,101.55013,101.55013,-1.6441,-0.09685,19.90315
:2019-06-07 000650000-0400:10.013,290.55362,99.51895,99.51895,2.78735,102.32687,102.32687,-2.36157,-0.15216,19.84784
:2019-06-07 000651000-0400:10.013,290.5535,100.30145,100.30145,2.60668,103.00002,103.00002,-2.87013,-0.19835,19.80165
:2019-06-07 000652000-0400:10.012,290.55273,100.9702,100.9702,2.46456,103.51966,103.51966,-3.26445,-0.23283,19.76717
:2019-06-07 000653000-0400:10.012,290.55139,101.50689,101.50689,2.33844,103.95412,103.95412,-3.49024,-0.25721,19.74279
:2019-06-07 000654000-0400:10.011,290.54947,101.96927,101.96927,2.20129,104.36874,104.36874,-3.83955,-0.27976,19.72024
:2019-06-07 000655000-0400:10.010,290.54724,102.39007,102.39007,2.0885,104.73457,104.73457,-4.10944,-0.30139,19.69861
:2019-06-07 000656000-0400:10.010,290.54504,102.76328,102.76328,1.98477,105.0649,105.0649,-4.38385,-0.32123,19.67877
:2019-06-07 000657000-0400:10.009,290.54272,103.10274,103.10274,1.89117,105.37504,105.37504,-4.65609,-0.34031,19.65969
:2019-06-07 000658000-0400:10.008,290.54053,103.41992,103.41992,1.80855,105.67375,105.67375,-4.93729,-0.35942,19.64058
:2019-06-07 000659000-0400:10.007,290.53854,103.72002,103.72002,1.7382,105.95969,105.95969,-5.21933,-0.37828,19.62172
:2019-06-07 000660000-0400:10.007,290.53668,104.00866,104.00866,1.67978,106.23644,106.23644,-5.4951,-0.39689,19.60311
:2019-06-07 000661000-0400:10.006,290.535,104.28259,104.28259,1.63242,106.50047,106.50047,-5.75552,-0.41432,19.58568
:2019-06-07 000662000-0400:10.005,290.53351,104.54366,104.54366,1.59457,106.7533,106.7533,-6.00496,-0.431,19.569
:2019-06-07 000663000-0400:10.005,290.5321,104.79338,26.198345,1.56519,106.99644,106.99644,-6.23994,-0.44687,-0.44687
:2019-06-07 000664000-0400:10.005,290.53082,105.03339,32.5603509,1.54101,107.23112,107.23112,-6.47167,-0.46197,-0.46197
:2019-06-07 000665000-0400:10.004,290.52966,105.26331,28.4210937,1.52165,107.4565,107.4565,-6.69257,-0.4763,-0.4763
:2019-06-07 000666000-0400:10.004,290.52856,105.48345,21.09669,1.506,107.67245,107.67245,-6.92251,-0.4915,-0.4915
:2019-06-07 000667000-0400:10.003,290.52759,105.69376,25.3665024,1.49211,107.87933,107.87933,-7.1399,-0.50534,-0.50534
:2019-06-07 000668000-0400:10.003,290.5267,105.89315,23.296493,1.48023,108.07601,108.07601,-7.33716,-0.51768,-0.51768
:2019-06-07 000669000-0400:10.003,290.52585,106.08511,32.8863841,1.46984,108.26595,108.26595,-7.52516,-0.52928,-0.52928
:2019-06-07 000670000-0400:10.002,290.52502,106.26987,35.0690571,1.46106,108.44874,108.44874,-7.704,-0.54028,-0.54028
:2019-06-07 000671000-0400:10.002,290.52426,106.44774,34.0632768,1.45365,108.6249,108.6249,-7.87689,-0.55084,-0.55084
:2019-06-07 000672000-0400:10.002,290.5235,106.6174,22.389654,1.44756,108.79307,108.79307,-8.04216,-0.5609,-0.5609
:2019-06-07 000673000-0400:10.002,290.52283,106.7795,34.16944,1.44261,108.95387,108.95387,-8.20054,-0.5705,-0.5705
:2019-06-07 000674000-0400:10.001,290.52219,106.93465,35.2884345,1.43862,109.10783,109.10783,-8.3526,-0.57968,-0.57968
:2019-06-07 000675000-0400:10.001,290.52158,107.08417,32.125251,1.43543,109.25628,109.25628,-8.4989,-0.58848,-0.58848
:2019-06-07 000676000-0400:10.001,290.52106,107.2263,25.734312,1.43291,109.39732,109.39732,-8.63851,-0.59689,-0.59689
:2019-06-07 000677000-0400:10.001,290.52045,107.36417,25.7674008,1.43076,109.53477,109.53477,-8.77587,-0.60497,-0.60497
:2019-06-07 000678000-0400:10.001,290.5199,107.49619,32.248857,1.4292,109.66621,109.66621,-8.89637,-0.61207,-0.61207
:2019-06-07 000679000-0400:10.000,290.51941,107.62283,26.9057075,1.42784,109.79183,109.79183,-9.02255,-0.61953,-0.61953
:2019-06-07 000680000-0400:10.000,290.51895,107.74294,30.1680232,1.4268,109.9111,109.9111,-9.1434,-0.62668,-0.62668
:2019-06-07 000681000-0400:10.000,290.51855,107.85852,21.571704,1.42592,110.02598,110.02598,-9.25941,-0.63348,-0.63348
:2019-06-07 000682000-0400:10.000,290.51822,107.96842,25.9124208,1.42521,110.13537,110.13537,-9.36903,-0.63989,-0.63989
:2019-06-07 000683000-0400:10.000,290.51807,108.0743,34.583776,1.42463,110.24079,110.24079,-9.47389,-0.646,-0.646
:2019-06-07 000684000-0400:10.000,290.51807,108.17536,21.635072,1.42411,110.34157,110.34157,-9.57396,-0.65179,-0.65179
:2019-06-07 000685000-0400:10.000,290.5181,108.27235,21.65447,1.42372,110.43812,110.43812,-9.6698,-0.65733,-0.65733
:2019-06-07 000686000-0400:10.000,290.5181,108.36517,30.3422476,1.4234,110.53068,110.53068,-9.76181,-0.66262,-0.66262
:2019-06-07 000687000-0400:10.000,290.5181,108.45441,35.7899553,1.42413,110.61942,110.61942,-9.84186,-0.66768,-0.66768
:2019-06-07 000688000-0400:10.000,290.51813,108.53991,32.561973,1.42401,110.70466,110.70466,-9.92707,-0.67254,-0.67254
:2019-06-07 000689000-0400:10.000,290.51813,108.62185,33.6727735,1.42384,110.7864,110.7864,-10.00917,-0.67719,-0.67719
:2019-06-07 000690000-0400:10.000,290.51813,108.701,26.08824,1.42384,110.86512,110.86512,-10.08696,-0.68166,-0.68166
:2019-06-07 000691000-0400:10.000,290.51819,108.77649,29.3696523,1.4237,110.94031,110.94031,-10.16253,-0.68591,-0.68591
:2019-06-07 000692000-0400:10.000,290.51819,108.84864,33.7430784,1.4237,111.01225,111.01225,-10.23398,-0.68997,-0.68997
:2019-06-07 000693000-0400:10.000,290.51819,108.91925,28.319005,1.42364,111.08261,111.08261,-10.30439,-0.69394,19.30606
:2019-06-07 000694000-0400:10.000,290.51819,108.98519,25.0665937,1.42364,111.14841,111.14841,-10.37012,-0.69765,19.30235
:2019-06-07 000695000-0400:10.000,290.51819,109.04871,33.8051001,1.42365,111.21175,111.21175,-10.43349,-0.7012,19.2988
:2019-06-07 000696000-0400:10.000,290.51819,109.11024,21.822048,1.4237,111.27313,111.27313,-10.49527,-0.70466,19.29534
:2019-06-07 000697000-0400:10.000,290.51822,109.16901,29.4756327,1.42378,111.33167,111.33167,-10.55407,-0.70796,19.29204
:2019-06-07 000698000-0400:10.000,290.51822,109.226,25.12198,1.42389,111.38859,111.38859,-10.61097,-0.71114,19.28886
:2019-06-07 000699000-0400:10.000,290.51822,109.27991,22.9487811,1.42403,111.44242,111.44242,-10.66472,-0.71414,19.28586
:2019-06-07 000700000-0400:10.000,290.51825,109.33192,29.5196184,1.42418,111.49434,111.49434,-10.71673,-0.71704,19.28296
:2019-06-07 000701000-0400:10.000,290.51825,109.38149,30.6268172,1.42434,111.54367,111.54367,-10.76643,-0.71981,19.28019
:2019-06-07 000702000-0400:10.000,290.51825,109.42899,31.7344071,1.42451,111.59104,111.59104,-10.81385,-0.72244,19.27756
:2019-06-07 000703000-0400:10.000,290.51828,109.47444,27.36861,1.42466,111.63647,111.63647,-10.85955,-0.72497,19.27503
:2019-06-07 000704000-0400:10.000,290.51828,109.51816,31.7602664,1.42481,111.68001,111.68001,-10.9032,-0.72739,19.27261
:2019-06-07 000705000-0400:10.000,290.51828,109.55978,30.6767384,1.42495,111.72157,111.72157,-10.94478,-0.72969,19.27031
:2019-06-07 000706000-0400:10.000,290.51831,109.59981,24.1119582,1.42508,111.76138,111.76138,-10.98513,-0.73192,19.26808
:2019-06-07 000707000-0400:10.000,290.51831,109.63859,29.6024193,1.42521,111.80017,111.80017,-11.02401,-0.73407,19.26593
:2019-06-07 000708000-0400:10.000,290.51831,109.67573,36.1929909,1.42531,111.83722,111.83722,-11.06144,-0.73613,19.26387
:2019-06-07 000709000-0400:10.000,290.51831,109.711,26.33064,1.42541,111.87243,111.87243,-11.097,-0.73809,19.26191
:2019-06-07 000710000-0400:10.000,290.51831,109.74516,35.1184512,1.42548,111.90645,111.90645,-11.13134,-0.73997,19.26003
:2019-06-07 000711000-0400:10.000,290.51831,109.77758,36.2266014,1.42554,111.9388,111.9388,-11.16404,-0.74176,19.25824
:2019-06-07 000712000-0400:10.000,290.51837,109.80901,29.6484327,1.4256,111.97017,111.97017,-11.19569,-0.7435,19.2565
:2019-06-07 000713000-0400:10.000,290.51837,109.83908,25.2629884,1.42565,112.00019,112.00019,-11.22604,-0.74516,19.25484
:2019-06-07 000714000-0400:10.000,290.51837,109.8679,21.97358,1.42571,112.02884,112.02884,-11.25514,-0.74675,19.25325
:2019-06-07 000715000-0400:10.000,290.5184,109.89562,30.7707736,1.42576,112.05648,112.05648,-11.28327,-0.74829,19.25171
:2019-06-07 000716000-0400:10.000,290.5184,109.92191,25.2820393,1.42581,112.08285,112.08285,-11.30972,-0.74973,19.25027
:2019-06-07 000717000-0400:10.000,290.51843,109.94715,36.2825595,1.42586,112.1079,112.1079,-11.33538,-0.75113,19.24887
:2019-06-07 000718000-0400:10.000,290.51843,109.97147,27.4928675,1.42592,112.13223,112.13223,-11.36,-0.75247,19.24753
:2019-06-07 000719000-0400:10.000,290.51843,109.99446,36.2981718,1.42659,112.14689,112.14689,-11.41886,-0.75399,19.24601
:2019-06-07 000720000-0400:10.000,290.51846,109.98932,27.49733,1.44911,112.07743,112.07743,-11.25155,-0.75064,19.24936
:2019-06-07 000721000-0400:10.000,290.51846,109.93645,26.384748,1.45623,112.00178,112.00178,-11.13025,-0.74439,19.25561
:2019-06-07 000722000-0400:10.000,290.51846,109.86911,32.960733,1.45877,111.93024,111.93024,-11.022,-0.73866,19.26134
:2019-06-07 000723000-0400:10.000,290.51849,109.80109,109.80109,1.45826,111.86117,0,-10.93414,-0.73384,-0.73384
:2019-06-07 000724000-0400:10.000,290.51849,109.73548,109.73548,1.45531,111.7943,0,-10.86441,-0.72975,-0.72975
:2019-06-07 000725000-0400:10.000,290.51849,109.67178,109.67178,1.45195,111.72886,0,-10.79858,-0.72609,-0.72609
:2019-06-07 000726000-0400:10.000,290.51852,109.60925,109.60925,1.44808,111.66467,0,-10.73965,-0.72267,-0.72267
:2019-06-07 000727000-0400:10.000,290.51852,109.54784,109.54784,1.44473,111.60159,0,-10.68104,-0.7194,-0.7194
:2019-06-07 000728000-0400:10.000,290.51852,109.48844,109.48844,1.44193,111.54094,0,-10.6251,-0.71624,-0.71624
:2019-06-07 000729000-0400:10.000,290.51855,109.42995,109.42995,1.43989,111.4815,0,-10.569,-0.71311,-0.71311
:2019-06-07 000730000-0400:10.000,290.51855,109.37327,109.37327,1.43854,111.42393,0,-10.5139,-0.71004,-0.71004
:2019-06-07 000731000-0400:10.000,290.51855,109.31852,109.31852,1.43778,111.36855,0,-10.46029,-0.70707,-0.70707
:2019-06-07 000732000-0400:10.000,290.51859,109.26536,109.26536,1.43743,111.315,0,-10.40785,-0.70416,-0.70416
:2019-06-07 000733000-0400:10.000,290.51859,109.2139,109.2139,1.43733,111.26324,0,-10.35721,-0.70134,-0.70134
:2019-06-07 000734000-0400:10.000,290.51859,109.16431,109.16431,1.43735,111.21339,0,-10.30793,-0.69859,-0.69859
:2019-06-07 000735000-0400:10.000,290.51862,109.11658,109.11658,1.43739,111.16539,0,-10.2609,-0.69597,-0.69597
:2019-06-07 000736000-0400:10.000,290.51862,109.0688,109.0688,1.43738,111.11742,0,-10.20786,-0.69339,-0.69339
:2019-06-07 000737000-0400:10.000,290.51862,109.02402,109.02402,1.4423,111.06821,0,-9.82783,-0.69034,-0.69034
:2019-06-07 000738000-0400:10.000,290.51865,108.98121,108.98121,1.36475,111.01171,0,-9.87142,-0.68852,-0.68852
:2019-06-07 000739000-0400:10.000,290.51865,108.93894,108.93894,1.25165,110.94917,0,-9.86447,-0.68625,-0.68625
:2019-06-07 000740000-0400:10.000,290.51865,108.898,108.898,1.11417,110.88512,0,-9.88642,-0.68363,-0.68363
:2019-06-07 000741000-0400:10.000,290.51868,108.85836,108.85836,0.97299,110.82239,0,-9.90603,-0.68108,-0.68108
:2019-06-07 000742000-0400:10.000,290.51868,108.81996,108.81996,0.84234,110.76299,0,-9.91656,-0.67874,-0.67874
:2019-06-07 000743000-0400:10.000,290.51868,108.78332,108.78332,0.732,110.70888,0,-9.92029,-0.67667,-0.67667
:2019-06-07 000744000-0400:10.000,290.51871,108.74837,108.74837,0.64665,110.66049,0,-9.90981,-0.67481,-0.67481
:2019-06-07 000745000-0400:10.000,290.51871,108.71496,108.71496,0.58521,110.61758,0,-9.89029,-0.6731,-0.6731
:2019-06-07 000746000-0400:10.000,290.51871,108.68305,108.68305,0.54487,110.57948,0,-9.86124,-0.67146,-0.67146
:2019-06-07 000747000-0400:10.000,290.51874,108.65266,108.65266,0.52092,110.54543,0,-9.82751,-0.66988,-0.66988
:2019-06-07 000748000-0400:10.000,290.51874,108.62323,108.62323,0.5082,110.51392,0,-9.79107,-0.66833,-0.66833
:2019-06-07 000749000-0400:10.000,290.51874,108.59522,108.59522,0.5021,110.48497,0,-9.75796,-0.66685,-0.66685
:2019-06-07 000750000-0400:10.000,290.51877,108.56766,108.56766,0.49842,110.45699,0,-9.73103,-0.66537,-0.66537
:2019-06-07 000751000-0400:10.000,290.51877,108.54199,108.54199,0.49674,110.43073,0,-9.69698,-0.66397,-0.66397
:2019-06-07 000752000-0400:10.000,290.51877,108.51696,108.51696,0.49352,110.40506,0,-9.67162,-0.66258,-0.66258
:2019-06-07 000753000-0400:10.000,290.5188,108.493,108.493,0.48931,110.38038,0,-9.64626,-0.66124,19.33876
:2019-06-07 000754000-0400:10.000,290.5188,108.47002,108.47002,0.48363,110.35645,0,-9.62495,-0.65995,19.34005
:2019-06-07 000755000-0400:10.000,290.5188,108.4477,108.4477,0.47706,110.33299,0,-9.60429,-0.65867,19.34133
:2019-06-07 000756000-0400:10.000,290.51883,108.42626,108.42626,0.47011,110.31031,0,-9.58539,-0.65745,19.34255
:2019-06-07 000757000-0400:10.000,290.51883,108.40575,108.40575,0.4634,110.28863,0,-9.56738,-0.65629,19.34371
:2019-06-07 000758000-0400:10.000,290.51883,108.38563,108.38563,0.45723,110.26763,0,-9.54976,-0.65516,19.34484
:2019-06-07 000759000-0400:10.000,290.51883,108.36669,108.36669,0.45204,110.24785,0,-9.53251,-0.65408,19.34592
:2019-06-07 000760000-0400:10.000,290.51886,108.34831,108.34831,0.4478,110.22871,0,-9.51567,-0.65306,19.34694
:2019-06-07 000761000-0400:10.000,290.51886,108.33046,108.33046,0.44453,110.21047,0,-9.49904,-0.65207,19.34793
:2019-06-07 000762000-0400:10.000,290.51886,108.31361,108.31361,0.44215,110.19321,0,-9.48283,-0.65112,19.34888
:2019-06-07 000763000-0400:10.000,290.51889,108.29722,108.29722,0.44044,110.17645,0,-9.46679,-0.6502,19.3498
:2019-06-07 000764000-0400:10.000,290.51889,108.28149,108.28149,0.43927,110.16052,0,-9.4516,-0.64934,19.35066
:2019-06-07 000765000-0400:10.000,290.51889,108.2663,108.2663,0.43844,110.14533,0,-9.43683,-0.6485,19.3515
:2019-06-07 000766000-0400:10.000,290.51892,108.25186,108.25186,0.43783,110.13067,0,-9.42266,-0.64769,19.35231
:2019-06-07 000767000-0400:10.000,290.51892,108.23785,108.23785,0.43733,110.11662,0,-9.40826,-0.64691,19.35309
:2019-06-07 000768000-0400:10.000,290.51892,108.22453,108.22453,0.43686,110.1031,0,-9.39456,-0.64615,19.35385
:2019-06-07 000769000-0400:10.000,290.51895,108.21165,108.21165,0.43607,110.09014,0,-9.38327,-0.64544,19.35456
:2019-06-07 000770000-0400:10.000,290.51895,108.19914,108.19914,0.43533,110.07745,0,-9.37149,-0.64475,19.35525
:2019-06-07 000771000-0400:10.000,290.51895,108.18723,108.18723,0.43464,110.06549,0,-9.36025,-0.64407,19.35593
:2019-06-07 000772000-0400:10.000,290.51898,108.17582,108.17582,0.43412,110.05402,0,-9.34946,-0.64344,19.35656
:2019-06-07 000773000-0400:10.000,290.51898,108.16473,108.16473,0.43372,110.04279,0,-9.33894,-0.64282,19.35718
:2019-06-07 000774000-0400:10.000,290.51898,108.15413,108.15413,0.43349,110.03217,0,-9.32857,-0.64222,19.35778
:2019-06-07 000775000-0400:10.000,290.51901,108.14377,108.14377,0.43337,110.0219,0,-9.31854,-0.64163,19.35837
:2019-06-07 000776000-0400:10.000,290.51901,108.13394,108.13394,0.43333,110.01202,0,-9.30905,-0.64109,19.35891
:2019-06-07 000777000-0400:10.000,290.51901,108.12452,108.12452,0.43333,110.00265,0,-9.30023,-0.64059,19.35941
:2019-06-07 000778000-0400:10.000,290.51904,108.11546,108.11546,0.43334,109.99361,0,-9.29197,-0.64011,19.35989
:2019-06-07 000779000-0400:10.000,290.51904,108.10679,108.10679,0.43337,109.98487,0,-9.28327,-0.63962,19.36038
:2019-06-07 000780000-0400:10.000,290.51904,108.09857,108.09857,0.43334,109.97658,0,-9.27535,-0.63915,19.36085
:2019-06-07 000781000-0400:10.000,290.51907,108.09045,108.09045,0.43333,109.96842,0,-9.2675,-0.6387,19.3613
:2019-06-07 000782000-0400:10.000,290.51907,108.08263,108.08263,0.4333,109.96072,0,-9.26012,-0.63827,19.36173
:2019-06-07 000783000-0400:10.000,290.51907,108.07507,28.0995182,0.43321,109.9532,0,-9.25303,-0.63786,-0.63786
:2019-06-07 000784000-0400:10.000,290.51907,108.06779,27.0169475,0.43311,109.94613,0,-9.24648,-0.63747,-0.63747
:2019-06-07 000785000-0400:10.000,290.5191,108.06097,23.7734134,0.43302,109.93918,0,-9.23995,-0.63709,-0.63709
:2019-06-07 000786000-0400:10.000,290.5191,108.05456,25.9330944,0.43293,109.93259,0,-9.23372,-0.63673,-0.63673
:2019-06-07 000787000-0400:10.000,290.5191,108.04808,35.6558664,0.43285,109.92626,0,-9.22766,-0.63637,-0.63637
:2019-06-07 000788000-0400:10.000,290.51917,108.04216,35.6539128,0.43285,109.92019,0,-9.22201,-0.63604,-0.63604
:2019-06-07 000789000-0400:10.000,290.51917,108.0364,24.848372,0.43283,109.91435,0,-9.2166,-0.63573,-0.63573
:2019-06-07 000790000-0400:10.000,290.51917,108.03069,32.409207,0.43282,109.90869,0,-9.21114,-0.63541,-0.63541
:2019-06-07 000791000-0400:10.000,290.51917,108.02527,32.407581,0.43281,109.90337,0,-9.20617,-0.63512,-0.63512
:2019-06-07 000792000-0400:10.000,290.51917,108.02013,25.9248312,0.4328,109.89824,0,-9.20136,-0.63484,-0.63484
:2019-06-07 000793000-0400:10.000,290.51917,108.01495,30.244186,0.43279,109.89334,0,-9.19695,-0.63459,-0.63459
:2019-06-07 000794000-0400:10.000,290.5192,108.01047,24.8424081,0.43283,109.88853,0,-9.19234,-0.63432,-0.63432
:2019-06-07 000795000-0400:10.000,290.5192,108.00562,27.001405,0.43291,109.88383,0,-9.18817,-0.63409,-0.63409
:2019-06-07 000796000-0400:10.000,290.5192,108.00125,28.080325,0.43297,109.87938,0,-9.18411,-0.63385,-0.63385
:2019-06-07 000797000-0400:10.000,290.51923,107.99692,34.5590144,0.43303,109.87508,0,-9.17977,-0.6336,-0.6336
:2019-06-07 000798000-0400:10.000,290.51923,107.99271,25.9182504,0.43304,109.87086,0,-9.176,-0.63339,-0.63339
:2019-06-07 000799000-0400:10.000,290.51923,107.98893,23.7575646,0.43301,109.86709,0,-9.1724,-0.63317,-0.63317
:2019-06-07 000800000-0400:10.000,290.51926,107.98531,30.2358868,0.43301,109.86343,0,-9.16912,-0.63299,-0.63299
:2019-06-07 000801000-0400:10.000,290.51926,107.98173,34.5541536,0.43299,109.85987,0,-9.16603,-0.63281,-0.63281
:2019-06-07 000802000-0400:10.000,290.51926,107.97836,35.6328588,0.43299,109.85631,0,-9.16292,-0.63263,-0.63263
:2019-06-07 000803000-0400:10.000,290.51929,107.97479,32.392437,0.43297,109.85276,0,-9.15971,-0.63244,-0.63244
:2019-06-07 000804000-0400:10.000,290.51929,107.97134,30.2319752,0.43296,109.84949,0,-9.15645,-0.63226,-0.63226
:2019-06-07 000805000-0400:10.000,290.51929,107.96831,21.593662,0.43295,109.84643,0,-9.15368,-0.6321,-0.6321
:2019-06-07 000806000-0400:10.000,290.51929,107.96537,33.4692647,0.43294,109.84346,0,-9.1511,-0.63195,-0.63195
:2019-06-07 000807000-0400:10.000,290.51932,107.96233,25.9109592,0.43293,109.84091,0,-9.14869,-0.6318,-0.6318
:2019-06-07 000808000-0400:10.000,290.51932,107.96002,35.6268066,0.43292,109.83838,0,-9.14644,-0.63167,-0.63167
:2019-06-07 000809000-0400:10.000,290.51932,107.95786,29.1486222,0.43291,109.83588,0,-9.14448,-0.63156,-0.63156
:2019-06-07 000810000-0400:10.000,290.51935,107.9553,25.909272,0.4329,109.83347,0,-9.14248,-0.63145,-0.63145
:2019-06-07 000811000-0400:10.000,290.51935,107.95274,31.3062946,0.43289,109.83106,0,-9.14013,-0.63131,-0.63131
:2019-06-07 000812000-0400:10.000,290.51935,107.95024,28.0670624,0.43288,109.82865,0,-9.13813,-0.6312,-0.6312
:2019-06-07 000813000-0400:10.000,290.51935,107.94806,35.6228598,0.43287,109.82624,0,-9.13623,-0.63109,19.36891
:2019-06-07 000814000-0400:10.000,290.51935,107.94598,25.9070352,0.43286,109.82385,0,-9.13417,-0.63097,19.36903
:2019-06-07 000815000-0400:10.000,290.51935,107.94363,33.4625253,0.43285,109.82152,0,-9.13208,-0.63085,19.36915
:2019-06-07 000816000-0400:10.000,290.51941,107.94125,23.747075,0.43284,109.81927,0,-9.12998,-0.63073,19.36927
:2019-06-07 000817000-0400:10.000,290.51941,107.93927,32.381781,0.43283,109.81713,0,-9.12788,-0.6306,19.3694
:2019-06-07 000818000-0400:10.000,290.51941,107.93722,29.1430494,0.43283,109.81522,0,-9.12642,-0.63052,19.36948
:2019-06-07 000819000-0400:10.000,290.51944,107.93554,26.983885,0.4329,109.81353,0,-9.12506,-0.63044,19.36956
:2019-06-07 000820000-0400:10.000,290.51944,107.93378,33.4594718,0.43297,109.81213,0,-9.12375,-0.63037,19.36963
:2019-06-07 000821000-0400:10.000,290.51944,107.93234,29.1417318,0.43304,109.81078,0,-9.12278,-0.63032,19.36968
:2019-06-07 000822000-0400:10.000,290.51947,107.93096,23.7448112,0.43311,109.80954,0,-9.12171,-0.63027,19.36973
:2019-06-07 000823000-0400:10.000,290.51947,107.92954,33.4581574,0.43311,109.80835,0,-9.12079,-0.63022,19.36978
:2019-06-07 000824000-0400:10.000,290.51947,107.92825,30.21991,0.43309,109.80714,0,-9.12012,-0.63018,19.36982
:2019-06-07 000825000-0400:10.000,290.5195,107.92712,35.6159496,0.43309,109.80593,0,-9.11926,-0.63013,19.36987
:2019-06-07 000826000-0400:10.000,290.5195,107.92653,33.4572243,0.43308,109.80473,0,-9.11817,-0.63007,19.36993
:2019-06-07 000827000-0400:10.000,290.5195,107.92551,23.7436122,0.43307,109.80353,0,-9.11724,-0.63002,19.36998
:2019-06-07 000828000-0400:10.000,290.5195,107.92422,26.981055,0.43306,109.80232,0,-9.11641,-0.62997,19.37003
:2019-06-07 000829000-0400:10.000,290.51953,107.92295,34.535344,0.43305,109.80114,0,-9.11539,-0.62991,19.37009
:2019-06-07 000830000-0400:10.000,290.51953,107.92174,26.980435,0.43304,109.79995,0,-9.11455,-0.62987,19.37013
:2019-06-07 000831000-0400:10.000,290.51953,107.92044,30.2177232,0.43303,109.79875,0,-9.11365,-0.62982,19.37018
:2019-06-07 000832000-0400:10.000,290.51956,107.91913,23.7422086,0.43303,109.79758,0,-9.11254,-0.62975,19.37025
:2019-06-07 000833000-0400:10.000,290.51956,107.91788,26.97947,0.43301,109.79637,0,-9.11181,-0.62971,19.37029
:2019-06-07 000834000-0400:10.000,290.51956,107.91715,25.900116,0.433,109.79518,0,-9.11104,-0.62967,19.37033
:2019-06-07 000835000-0400:10.000,290.51959,107.91579,31.2955791,0.43299,109.79398,0,-9.11009,-0.62961,19.37039
:2019-06-07 000836000-0400:10.000,290.51959,107.91481,25.8995544,0.43298,109.79279,0,-9.10898,-0.62955,19.37045
:2019-06-07 000837000-0400:10.000,290.51959,107.91382,35.6115606,0.43297,109.79159,0,-9.10787,-0.62948,19.37052
:2019-06-07 000838000-0400:10.000,290.51959,107.91274,24.8199302,0.43296,109.79041,0,-9.10731,-0.62945,19.37055
:2019-06-07 000839000-0400:10.000,290.51959,107.9115,23.74053,0.43296,109.78922,0,-9.10618,-0.62939,19.37061
:2019-06-07 000840000-0400:10.000,290.51959,107.91019,21.582038,0.43295,109.78809,0,-9.10551,-0.62935,19.37065
:2019-06-07 000841000-0400:10.000,290.51965,107.9091,23.740002,0.43294,109.78705,0,-9.10449,-0.62929,19.37071
:2019-06-07 000842000-0400:10.000,290.51965,107.90791,33.4514521,0.43297,109.78627,0,-9.10408,-0.62927,19.37073
:2019-06-07 000843000-0400:10.000,290.51965,107.907,34.53024,0.43305,109.78557,0,-9.10362,-0.62925,19.37075
