0.9733241184494752,0.8008994169272186
1.1953671064862195,0.7877821806680589
2.3847586223547435,0.7928718447070755
3.5204943141349765,0.8033682865144802
4.710847809553692,0.7920353443290054
5.906373359730559,0.7929949780895011
7.149296208216119,0.7930384369303571
8.3922190567017,0.7930818957712134
9.66828430129852,0.7971329236935185
10.980258419144407,0.7971787969144222
12.120987602158445,0.7932122722937818
13.363910450644024,0.7932557311346378
14.606833299129601,0.793299189975494
15.849756147615189,0.7933426488163502
17.09267899610078,0.7933861076572064
18.335601844586357,0.7934295664980626
19.57852469307192,0.7934730253389186
20.821447541557507,0.7935164841797746
22.0167920132308,0.7950005871333297
23.25326394002678,0.8000918973405602
24.514085895594153,0.7982930333063727
25.833573765346397,0.7965763487330539
27.036061783985406,0.7937337783840555
28.174024489861615,0.7977799775462655
29.5210111423639,0.7964168185714111
30.764830329442148,0.7938641549066237
32.00775317792772,0.7939076137474801
33.25067602641331,0.7939510725883361
34.49359887489889,0.7939945314291921
35.73652172338446,0.7940379902700483
36.9322283520649,0.7944731548374848
38.14259328560908,0.7851798109540422
39.512687567149946,0.7932521918729771
40.7082131173268,0.7942118256334729
42.0532189721984,0.7985857768871396
43.194058814297954,0.7942987433151851
44.39565049434431,0.7940522954718301
45.71448547549203,0.7942266137112644
46.974366828832515,0.7951520757632458
48.15045554177825,0.7959143515923699
49.40867305672586,0.7945160375194658
50.548184989799225,0.7940751113632796
51.56775354008472,0.7810338375363666
52.727117713099204,0.783093605514444
53.97004056158479,0.7831370643553
55.21296341007039,0.7831805231961562
56.4446141217089,0.7885994620322276
57.612461822615494,0.7933605755882034
58.51454836434375,0.7777327764163353
59.24731702017215,0.7982254306650409
60.28098353795205,0.8043513164407208
61.59251501945587,0.8056792254668808
62.79677042177495,0.8034319550097524
63.02335912696019,0.7814343831862576
63.10124099134444,0.7358601832514453
63.15037362531237,0.693554208868018
64.0039535473279,0.5812763620121442
64.16987578014654,0.6407052404118931
64.07659017105881,0.6108942863696171
64.30791192341586,0.5409023745427768
64.21768050508831,0.5022453734442336
64.22963168632374,0.4676304067023189
64.24158286755917,0.4330154399604041
64.28963657544334,0.2938344278522881
64.42707515965087,0.7957623103202673
64.56267127008462,0.4030266668276251
64.26050557118197,0.37820840928570554
64.27245675241738,0.34359344254379076
64.91383681205258,0.585923560727694
65.56534217801224,0.798927109866364
65.47122662578315,0.771519972958943
65.17277907215374,0.7359326146528722
65.18473025338918,0.7013176479109575
65.19668143462462,0.6667026811690427
66.70916981542064,0.7859863346089306
67.33544490988326,0.7720659246471986
67.04463283315427,0.71436344870046
67.46939773289714,0.6840898390815696
67.48134891413257,0.649474872339655
67.49330009536801,0.6148599055977397
67.60849620338738,0.5812100872798385
67.51720245783889,0.5456299721139103
67.52915363907434,0.5110150053719954
67.50989895819501,0.46678356290063594
68.08363865181019,0.25502477757523806
67.65563697381604,0.44467327402006335
68.1844767434842,0.4129609956903316
68.19642792471963,0.3783460289484164
68.20837910595507,0.34373106220650174
68.2203302871905,0.30911609546458696
68.97591052307544,0.22068097589241478
69.20043780758196,0.17036831367625657
69.28000169006603,0.23992237768147073
70.25658392816186,0.19709938105642832
70.60160314835159,0.22636968642376842
71.52468962282211,0.20991844569110724
72.0725943720801,0.16584419660641483
73.04882882447858,0.22402851382836173
72.72243985175707,0.16936966572908174
74.11963253135677,0.2625915955430541
74.25119511812355,0.24153850332580812
75.27899670437124,0.2646513635211314
76.10910583434938,0.260353465238963
76.61912249357171,0.2231597595277472
77.73247461882976,0.23848714946219637
78.80011347586225,0.2662167871844706
80.14275399278102,0.27744161727247446
81.27898765044607,0.28649576879896643
82.56518826128422,0.29755472686228257
83.75599445296184,0.31218333896688677
84.93306131318131,0.3229696874585025
86.31710769342203,0.3342680806885808
87.47916088221447,0.32853948114972775
88.82538398702673,0.32938783393894006
89.96176980093436,0.33800128565737503
91.1330211309991,0.33134580992965523
92.24502637710202,0.3248599659572408
92.75784824414211,0.33954135833021415
93.79623160544202,0.33200555005613397
95.17015343385202,0.3344465088613233
95.4718121129447,0.39891509832562744
95.61608942863698,0.46103552760239974
96.26303010731918,0.6872600709827734
96.21298453589579,0.6522102442145412
95.87835146130352,0.601429312988157
95.89030264253894,0.5668143462462423
95.90225382377439,0.5321993795043276
95.91420500500985,0.49758441276241244
95.97097311587817,0.3331633207383171
97.40655343224243,0.6752006953414535
98.75350688701909,0.6739336890519936
99.92467996530189,0.6675048589398453
101.23932768569601,0.674092721247751
102.44796005005816,0.6734538913770414
103.75982350881853,0.6738202735492593
105.01988468317298,0.6742249085553552
106.15935511908928,0.6739041732559119
107.45373444233857,0.6749109697357456
108.62371714503008,0.6719299001998755
110.02596062146142,0.664808600021729
111.22034839504087,0.6654272849089173
112.32292785832416,0.6719562212537871
112.90739041732559,0.6591401185460599
113.83158664433938,0.6737603451873638
114.70893139539093,0.6612223402585796
115.9525181983896,0.6593427453915515
117.19627099001653,0.6569823870975525
118.39051767326193,0.6480097208976658
119.2760255079252,0.6332570288639128
120.41678235571064,0.6292103770054442
121.76444402863457,0.6258921134275747
122.91117646703766,0.6045379781981477
123.47889314471274,0.58879546579427
124.41266810121084,0.6056722086748672
125.46991883659075,0.5934896242017453
126.74924852421017,0.5880856380602864
127.99491018506224,0.5801965003561208
129.28923669374797,0.5677199033809
130.40272462788366,0.5662903050569184
131.4016441928124,0.5530560015452031
132.4574867913292,0.554951893477552
133.70247066528242,0.5490258731001842
135.05050581261995,0.5446258918116296
136.29359464973382,0.5441885872255148
137.58933206175985,0.5276255011210403
138.78558192595096,0.5264872581092989
140.07253918625045,0.5275624763951237
141.2732534978331,0.5212857780943291
142.57089223414658,0.49921576546273155
143.66371106309177,0.4976514118087327
144.6000805799341,0.4855847930272704
145.59681462792395,0.49868054130400663
146.71912913311687,0.4844132562633948
147.91562043531272,0.4825757209942412
149.26472067634836,0.47509084104928945
150.40661177976025,0.46775897243985115
151.55027342854038,0.4552989606093894
152.28244926783924,0.4346514842401336
153.52520612769658,0.4351757065079612
154.44352161473734,0.4154001231333815
155.49947487233965,0.416975506114417
156.2444792613377,0.40202902774640037
157.45752415673465,0.40289561772775717
158.61348793413572,0.39766131076692723
158.83285850525732,0.3622843656820016
159.15504243272932,0.32912255393121326
160.38143755637148,0.33417917114332946
161.6413860955853,0.327767181332013
162.73153904656135,0.30665145241421454
163.85581667267388,0.29968526831522757
164.14275172929973,0.2829027185919333
164.98140927363377,0.15384550382075524
164.8291977015102,0.09470556635320133
165.15724656051444,0.2445567801827678
165.21429131909656,0.17933441578038262
165.34691623308424,0.2952044376305264
165.89596511824428,0.7549592120670712
165.91127756920216,0.500608785928992
165.8442181633811,0.45483721042529257
165.85450945833384,0.42502987795308755
165.6596388087449,0.3894461412170882
165.56967297222255,0.35001991863539206
165.47306759056946,0.32982423313253695
166.27778046042226,0.6990831391769372
166.2897316416577,0.6644681724350225
166.30168282289313,0.6298532056931077
166.31363400412857,0.5952382389511928
166.25918973405604,0.5529286429976943
167.1149164423305,0.1744329224863244
166.56759660538165,0.7596701956855019
166.64826707872086,0.5260191701775767
166.6602182599563,0.4914042034356619
166.6756552023854,0.44669320472735574
167.10664467568841,0.3983909665970517
167.0722020353224,0.298149377693542
167.12432246459915,0.34718966162463605
167.16017600830548,0.24334476139889133
167.1721271895409,0.208729794656976
167.71988966283183,0.12221048565254779
168.427665173775,0.17223523304802987
169.57453593603503,0.18381379496279338
169.26325192848606,0.15207214167581928
169.17096225116796,0.11937660707172032
169.88404939821575,0.7540169248041333
169.50791916655604,0.44342685032050877
169.59124545794754,0.4020836099810469
169.4996197351425,0.36746502166906
169.51157091637793,0.33285005492714514
169.52352209761338,0.2982350881852302
169.53547327884883,0.26362012144331587
169.43886789719568,0.24342443594046131
170.197546587475,0.5793483990648299
170.21370281395997,0.699220758839648
170.2256539951954,0.6646057920977333
170.2376051764308,0.6299908253558184
170.2734587201371,0.5261459251300746
170.2854099013726,0.49153095838815886
170.9138428480027,0.17136062387580503
170.70967683523065,0.7626996390501821
170.5124823448459,0.7338465902917777
170.95799582312253,0.4434775523015077
171.04132211451403,0.4021343119620459
170.94969639170898,0.3675157236500597
170.96164757294446,0.3329007569081444
170.9735987541799,0.29828579016622914
170.98554993541538,0.2636708234243149
170.99750111665077,0.22905585668239956
171.39023021113752,0.19156958846891897
172.0609072636624,0.14904496179243712
172.07194550744236,0.1170741938988568
173.28714825500683,0.19740514504388026
173.00114984849768,0.12576052971498153
173.5366291632966,0.1748177143064032
174.55283525822657,0.17437247675728212
175.34916965446197,0.12504134625830854
175.63389548148774,0.10037181452732664
176.44633436749277,0.18361700469815953
177.5933761483395,0.18863962853665717
178.98064119898112,0.20697921822374057
179.27170225865254,0.1639605490300198
179.21792194309305,0.11972789936863999
179.27170225865254,0.26396054903002264
179.58940449316128,0.09377934980744995
180.0614761519611,0.5907738777875304
179.97767560734596,0.4906335850611958
179.9180619771358,0.391867764404794
179.7766396658498,0.30147820418411997
180.13754044086582,0.7561783230923378
180.31324770332097,0.5472661974721436
180.3491012470273,0.4434212972463994
180.41735577097188,0.345731376075907
179.91507418182698,0.20052150609026864
180.15708560184459,0.6995684295664977
180.16903678308003,0.664953462824583
180.35627195576856,0.6226523172012506
181.22783674565713,0.14828375303306188
180.74269348238107,0.50343505921267
180.88212393012785,0.39959378055699735
180.9199693373734,0.5899797192076004
181.32929729468717,0.304417108297016
181.34124847592264,0.2698021415551015
181.6669181645883,0.2265442978379226
181.7812013351522,0.19553867836836406
182.18845443461257,0.11598561029491132
182.1091118702995,0.14579052838706752
182.6439272305854,0.09677076668638654
182.50150898752972,0.20926578702753562
183.03781824547005,0.7559191544841068
183.25708922341465,0.5208306674553638
183.13392566123832,0.4775571302678751
183.14587684247377,0.4429421635259598
183.15782802370921,0.40832719678404483
183.16778734140541,0.37948139116578294
182.7644349747094,0.3477365187054089
182.7763861559448,0.31312155196349456
182.78833733718022,0.27850658522157967
182.79929258664606,0.24677619904149062
183.37314847230104,0.6846808793172128
183.38509965353643,0.650065912575298
183.3970508347719,0.6154509458333834
183.40900201600732,0.5808359790914681
183.35004285524585,0.5516031483515813
184.19190398010554,0.11326719943986628
183.76136267609883,0.7602713763173454
183.85199246713424,0.49777454519115844
183.8639436483697,0.463159578449243
183.87589482960513,0.42854461170732816
183.89133177203425,0.3838336129990221
184.2155075630455,0.3449026401245819
184.22745874428094,0.3102876733826663
184.2394099255164,0.27567270664075166
184.25136110675183,0.24105773989883672
184.26331228798728,0.20644277315692203
184.2752634692227,0.17182780641500608
184.74932699156176,0.09876745898571943
185.3229836908628,0.13724905537380228
186.60319865116634,0.1292809976218337
187.58554148508517,0.1240589350169556
188.2126797204148,0.167638555234976
189.50662143728047,0.15627645529500495
190.69611858227606,0.17469654260777076
191.83675093859023,0.1710104633195271
192.6773173521494,0.13642446913818335
193.52308750920486,0.20676654152130025
193.5060570759443,0.13609286912852417
193.72625759020727,0.09831210690874631
193.5434045173051,0.327921098060045
193.55535569854052,0.29330613131813044
193.56730687977594,0.25869116457621477
194.2238748988978,0.7570314291922688
194.18734554434783,0.6485480090849662
194.1738293274744,0.6019816024240371
194.08021174113017,0.5731321752357037
194.1944119173799,0.5423669374796278
194.20636309861536,0.5077519707377127
194.2183142798508,0.47313700399579844
194.23026546108622,0.4385220372538833
194.3458765406763,0.40367031036855444
194.2541678235571,0.36929210377005406
194.34612552361864,0.7029491652280979
194.9377089947729,0.3095083115033128
195.1327693456513,0.13882831860848444
195.41841206224274,0.09721742699518429
195.02136726342093,0.24720354430990957
194.9476683124691,0.7606625058850514
195.02634692226903,0.5327806415007776
195.03829810350447,0.49816567475886275
195.0502492847399,0.46355070801694864
195.06220046597537,0.4289357412750341
195.07415164721078,0.394320774533119
195.08610282844623,0.3597058077912035
195.44862199258787,0.20971848328645332
195.46057317382326,0.17510351654453718
196.518501696102,0.11095781474461666
197.28910390284534,0.27901360503156764
197.3010550840808,0.2443986382896528
197.4165831693567,0.20978729311780875
197.32495744655168,0.17516870480582172
197.65261899875657,0.12614169996498642
197.41359537404782,0.09844103480328337
198.16004623537793,0.7564479037145229
198.2164823689897,0.5929883385443702
198.12701449835217,0.5521198256817597
198.1389656795876,0.5175048589398449
198.15091686082303,0.48288989219793044
198.1628680420585,0.44827492545601594
198.27980703067473,0.409577091154918
198.1867704045294,0.37904499197218544
198.19872158576484,0.34443002523027044
198.2106727670003,0.3098150584883563
198.1794669048855,0.700198582758911
198.19141808612093,0.6655836160169961
198.20336926735638,0.6309686492750821
199.22377250331544,0.11836696507253956
198.94235064041433,0.590609872400014
198.9762123205814,0.49253413329792217
199.00808213720921,0.40022755531948173
199.04094788560667,0.3050363967792167
199.36562164250276,0.2646631336238635
199.3775728237382,0.23004816688194807
199.38952400497365,0.19543320014002796
199.82009850670593,0.14833287057715613
200.6419793432541,0.12500995931769132
201.2389693011577,0.2387670968287115
201.25092048239313,0.20415213008679603
201.26287166362857,0.16953716334488259
201.501326184469,0.12174330311334085
201.93441422828653,0.49593427022776165
201.9692718402232,0.3949739505638439
201.7789635066456,0.29474751620652595
202.09596858891558,0.7565855233772345
202.26652190446296,0.562601102164491
202.30541304006667,0.4499582312251761
201.82457718169417,0.3426337264748835
202.11538925842316,0.7003362024216226
202.33748204304842,0.6570747371343724
202.34943322428387,0.6224597703924569
202.1512428021295,0.5964913021958783
203.1582720971823,0.1226254141092891
202.6990052754204,0.5099719931914477
202.73983847797484,0.39170419015657165
203.26867824764295,0.20999191182684002
203.2756497700303,0.3397998478940564
203.28760095126574,0.30518488115214126
203.29955213250122,0.27056991441022626
203.20493861438732,0.24460506778371863
203.33490771032268,0.16816730446539493
204.49168246073614,0.11772698190421624
205.37464711248768,0.1317688438051322
205.77643444354575,0.4466180571483754
205.63766795031208,0.39853628209616454
205.54637420476357,0.3629561669302358
205.558325385999,0.3283412001883206
205.57027656723446,0.29372623344640664
205.5822277484699,0.2591112667044918
205.6994157200285,0.21969228726293694
205.60563214505598,0.19132362350157534
206.1156488042783,0.7541299177903582
205.94474691261155,0.10912394219973613
206.25846542004177,0.7004810652244766
206.27041660127722,0.6658660984825615
206.28236778251267,0.6312511317406462
206.29431896374808,0.5966361649987316
206.30627014498353,0.5620211982568175
206.31822132621895,0.5274062315149018
206.39431051341793,0.487024276591378
207.1494038493266,0.15333272973832238
207.04286128179436,0.4085854147301315
207.1276648719775,0.2829633798906276
207.15380808093002,0.2072431401426892
207.10102369714016,0.36012590991947974
207.11297487837564,0.3255109431775651
208.26626386759543,0.14880301621914646
209.23530547943557,0.09275548021156206
209.42104675446964,0.1404954911452572
209.75650977220326,0.76887260523679
209.63865784613154,0.41021463838622735
209.4813006265316,0.3659783671547735
209.49325180776705,0.3313634004128577
209.50520298900247,0.2967484336709431
209.51715417023794,0.2621334669290281
209.6356700508227,0.218868380071706
209.783399929983,0.19098893006747952
210.09081086953896,0.7006150633171158
210.17823154709447,0.5807463251123685
210.1635138887212,0.4900406823038012
210.38660260511605,0.7438946364547234
210.20633895481484,0.666003718145272
210.21829013605034,0.6313887514033585
210.25414367975665,0.5275438511776132
210.58944070886199,0.4564017286961138
210.85588565496096,0.16468027572219415
210.91693627243865,0.1078554872822555
210.92589965836524,0.0818942622258193
210.48121612322998,0.7698594830812315
210.9506319639775,0.41026051160713095
210.93038135132852,0.36891364969759777
210.94233253256394,0.3342986829556829
210.95428371379938,0.29968371621376844
210.96623489503483,0.265068749471854
210.97818607627028,0.23045378272993947
210.88158069461713,0.21025809722708347
211.63450511244977,0.1295151924864471
211.64745222545483,0.09201564518270765
213.3041847242174,0.09351588058476007
214.53789520383407,0.12024170962251456
215.29817593587407,0.18182860755019792
216.00830546736364,0.1613988917995591
216.40651218658334,0.1080474304960357
217.51619359189047,0.10829227450121041
217.38899887731324,0.2624087062544502
217.40095005854877,0.22779373951253631
217.4129012397842,0.19317877277062478
217.42485242101958,0.15856380602870027
218.09847577169617,0.7575056285234851
218.2093146782235,0.5864758501635741
218.0190917102261,0.5374307374723846
218.03104289146157,0.5028157707304703
218.04299407269698,0.4682008039885549
218.05494525393243,0.4335858372466406
218.0668964351678,0.39897087050472535
218.07884761640332,0.3643559037628104
218.09079879763874,0.32974093702089546
218.10142206984804,0.29897207769474876
218.11478415442377,0.7102706218235804
218.28533746997115,0.6662862006108372
218.2972886512066,0.6316712338689228
219.3880331252943,0.11247860255682768
218.770356241776,0.7614954670014604
218.8291162161836,0.5913052138537124
218.84106739741907,0.5566902471117969
218.85301857865448,0.5220752803698827
218.86496975988993,0.4874603136279675
218.87692094112535,0.4528453468860527
218.88887212236077,0.4182303801441381
218.90082330359624,0.38361541340222255
218.91277448483163,0.3490004466603075
218.9287093931456,0.30284715767108766
219.2533831500416,0.262473894515735
219.3722310078829,0.2182472808044708
219.77084084234275,0.1780139654640136
219.5335719545614,0.1509452297886158
220.03020993034517,0.1125010562912659
220.62796817847098,0.18117580308316214
221.09149972234633,0.2636198950951869
220.61482187911201,0.21925226649926882
222.13486274249428,0.3166611840119739
221.7684428455883,0.2779464490505446
223.37255694918935,0.3318486908024183
224.40832598959403,0.3318849065031323
224.69664823689897,0.09679883385443003
225.08235047945564,0.2796648840493978
224.9872943249997,0.15498207322814253
225.68511051824672,0.2338526262418963
225.77275251397324,0.2800095368011877
226.38685007907094,0.13772331643633362
226.21361831065835,0.20310187476610053
227.50547460675787,0.12141627533589437
227.64286339437692,0.41348838683196987
227.50467786134212,0.3637239397853612
227.5166290425776,0.3291089730434466
227.528580223813,0.29449400630153183
227.54053140504848,0.25987903955961694
227.55248258628387,0.2252640728177021
227.56443376751935,0.19064910607578026
227.9882027354926,0.16326007701871656
227.9858788946968,0.7699907649963169
228.20061285013537,0.5813764783047821
228.4091498967852,0.7440440262201669
228.21676907662035,0.7012488380796009
228.22872025785577,0.6666338713376863
228.24067143909127,0.6320189045957714
228.27652498279753,0.5281740043700273
228.28847616403297,0.4935590376281118
228.50758115334938,0.45895131402633943
228.8292671149366,0.12723179255646697
229.2743490227797,0.15811273947632318
229.04007267283947,0.41666224030324606
228.9457911319821,0.3897358668227964
228.95774231321752,0.3551209000808808
229.0752622620327,0.31474039378538543
228.9816446756884,0.28589096659705115
228.9935958569239,0.2512759998551367
229.1097878967128,0.2147416009754093
230.47155860303968,0.17055844610499898
231.58088431842913,0.17183349745368653
232.2689438294482,0.22831359943459545
233.3893897050835,0.2694585450945819
233.03707884158047,0.23987891884061383
234.5825657616766,0.26358680299865905
235.8323273416469,0.24382280864830788
236.25659427550488,0.21499148931033166
237.04371235076113,0.18521131861366455
237.3159337011239,0.14675929838116128
238.2238914977607,0.10789244375866101
238.24248222412692,0.16313784902881387
238.3195009476442,0.24006361891425218
238.33145212887962,0.2054486521723303
239.02113487934136,0.757876613107668
239.0576855752864,0.5620125064886453
238.9489298260439,0.517008703840071
238.9608810072794,0.482393737098156
238.97283218851481,0.4477787703562416
238.98577930151984,0.41027922305250064
238.99673455098565,0.37854883687241153
239.16604295182103,0.33817014136195056
238.70990620133517,0.3093080386783682
238.72135941668583,0.2761353622173658
239.3988420029697,0.11389943503506658
239.19592090490966,0.7016327245071641
239.2078720861451,0.6670177577652487
239.4289689390007,0.6266408730398252
239.44092012023614,0.5920259062979094
239.69289085794998,0.7622270241558722
239.76559387713218,0.5516526431425559
239.77754505836768,0.5170376764006412
239.78949623960304,0.48242270965872686
239.8014474208385,0.4478077429168117
239.81339860207393,0.4131927761748966
239.82534978330943,0.3785778094329826
239.84128469162334,0.3324245204437628
240.24079560720796,0.20386706078546737
240.2695353525599,0.2920548788584803
240.17790962975482,0.25743629054649414
240.21376317346116,0.15359139032074534
240.53823774400325,0.11379504327776271
240.54819706169948,0.08494923765949297
242.2173062761809,0.10514745826140369
242.2793256636527,0.17097130509313258
242.98902664268385,0.7554191967357582
243.1016333281022,0.48926928787860474
242.9114103601048,0.44022417518741586
242.60997501116657,0.4132905585668235
242.621926192402,0.3786755918249091
242.6338773736374,0.34406062508299384
242.64582855487282,0.30944565834107884
242.65777973610827,0.2748306915991642
242.66973091734368,0.24021572485724915
242.68068616680952,0.20848533867716038
242.89348358825166,0.09214662530028794
243.32206622644475,0.5841487901943964
243.4019399543682,0.6994720958025995
243.35294011130293,0.6613934594444507
243.25932252495866,0.632544032256116
243.46169586054543,0.5263972620930254
243.62582541617874,0.7710183855040613
243.72940232021924,0.47102200707413316
243.7453372285331,0.4248687180849128
244.06801912189002,0.3902646160532126
244.0799703031254,0.3556496493112965
244.197158274684,0.31623066986974263
244.1038726655963,0.286419715827468
244.11582384683177,0.25180474908555267
244.2320158866207,0.21527035020582486
244.13972620930258,0.18257481560172661
244.15665704938615,0.1335369460506798
244.51063965550244,0.09398888350443001
246.44859483081234,0.0952516991199533
246.8367094414332,0.7711306541762728
246.7475735480522,0.4293006144597218
246.5558566824004,0.38458237261127204
246.5678078636358,0.3499674058693567
246.57975904487125,0.31535243912744226
246.59171022610673,0.28073747238552726
246.6036614073421,0.24612250564361315
246.6156125885776,0.21150753890169752
246.62756376981298,0.17689257215978554
246.63951495104848,0.14227760541786613
247.26147434117604,0.740857044557383
247.17134251602548,0.701911585402657
247.18329369726084,0.6672966186607421
247.1952448784963,0.6326816519188282
247.2071960597317,0.5980666851769127
247.21914724096723,0.5634517184349984
247.23109842220268,0.5288367516930828
247.3238445682485,0.4852101868730156
247.25699264821276,0.4538376570856005
247.7703954754518,0.7668363774641767
247.99796588480993,0.4077097190868807
248.00991706604538,0.37309475234496525
248.0218682472808,0.3384797856030507
248.03381942851627,0.3038648188611368
248.04577060975168,0.26924985211922164
248.05772179098713,0.23463488537730662
248.06967297222255,0.20001991863538376
248.08162415345802,0.16540495189347995
248.302969989256,0.12430692202759967
248.41765153252774,0.09214747033330335
248.08959160761495,0.44232830739886686
250.3251633395168,0.10063296996913464
250.70192063932785,0.37607349372864657
250.5116976713304,0.327028381037459
250.52364885256588,0.29241341429554285
250.5356000338013,0.25779844755362874
250.5475512150368,0.22318348081171388
250.55950239627222,0.18856851406979666
250.5714535775077,0.15395354732788685
251.24345853905865,0.7575828132356301
251.07061458044112,0.6882017697405736
251.02161473737578,0.6501231333824247
251.13873631348315,0.6108964593116594
251.0455170998467,0.5808931998985951
251.16253908277704,0.5419549838840128
251.172996366358,0.5116668879848373
251.18494754759348,0.4770519212429224
251.19689872882896,0.4424369545010068
251.20909889300674,0.407100842618636
252.2490010502554,0.09516604898777135
251.94982314666146,0.3616940497603718
251.96177432789693,0.32707908301845656
251.9737255091324,0.29246411627654284
251.98567669036785,0.2578491495346269
252.00161159868176,0.21169586054540726
251.91496553472484,0.7626543694242898
252.0055953257602,0.5001575382981034
252.01754650699567,0.4655425715561873
252.0294976882311,0.4309276048142735
252.04144886946654,0.3963126380723574
252.42986225961832,0.17132621896012468
252.75652788005357,0.12518379468111482
254.3667005685865,0.11153817134855326
254.67120670714783,0.279577664570179
254.48048577326554,0.23197484215990405
254.49243695450104,0.19735987541798788
254.7115419438174,0.162752151816213
255.12709447469126,0.7591609123942193
255.1834476139889,0.595941728937551
255.09431172060795,0.5541116892210001
255.10626290184337,0.5194967224790847
255.11821408307878,0.4848817557371696
255.1301652643143,0.4502667889952548
255.14211644554968,0.41565182225334024
255.15406762678512,0.3810368555114251
255.1660188080206,0.34642188876951
255.177969989256,0.31180692202759547
255.57899851515623,0.11028248246556033
255.144772263602,0.7079596074218031
255.19888455641802,0.651230730229245
255.8508878882625,0.7627919890870021
255.91363158974852,0.5810634136919484
255.92558277098394,0.546448446950033
255.9375339522194,0.5118334802081195
255.94948513345486,0.4772185134662032
255.96143631469027,0.44260354672428875
255.97338749592575,0.4079885799823749
255.98533867716117,0.3733736132404589
255.9972898583966,0.3387586464985445
256.00924103963206,0.30414367975662904
256.37109624926063,0.2560794089597641
256.35084563661167,0.21473254705023104
256.3627968178471,0.18011758030831448
256.3747479990825,0.14550261356639727
256.74747546386277,0.11594833830292754
256.3936707027053,0.09069558289170576
258.2658801536236,0.11095335245292288
258.3198027451501,0.2119167763197594
258.3377295170033,0.15999432620689075
259.0632658111714,0.7585773869164736
259.2380518367396,0.5523334983159683
259.15215272161,0.5011285717734826
259.06011202723425,0.4677118920289233
259.0720632084696,0.4330969252870087
259.187259316489,0.3994471069691079
259.0959655709405,0.3638669918031787
259.1065888431498,0.3330981324770316
258.8078093122639,0.29847230102490346
258.8197604934993,0.2638573342829891
259.5970852396876,0.11244220577760612
259.08268648067894,0.7023280659608622
259.20153433852016,0.6581014522495976
259.4193114188104,0.6273398360635939
259.34820189045956,0.5932988881779871
259.7868102418001,0.7629296087497122
259.85552953390396,0.5638935499837019
259.8674807151394,0.5292785832417868
259.8794318963748,0.49466361649987267
259.89138307761027,0.46004864975795684
259.9033342588457,0.4254336830160431
259.9152854400811,0.39081871627412745
259.931220348395,0.3446654272849081
260.2539022417519,0.31006132525320773
260.26585342298733,0.2754463585112932
260.27780460422275,0.24083139176937735
260.28975578545817,0.20621642502746557
260.30170696669364,0.1716014582855407
260.31365814792906,0.1369864915436343
260.5934043161068,0.09340652928844535
262.2219740776063,0.10980962613324748
262.1675851370764,0.16733977570409309
262.64347453432646,0.08899103057811669
262.8084672308268,0.4111121841689085
263.0829460265341,0.7561217813295986
263.198374518633,0.48179889421393673
263.0069896302377,0.43611912551154597
262.71982930333064,0.3678398541714439
262.73178048456606,0.3332248874295302
262.74373166580153,0.2986099206876143
262.75568284703695,0.2639949539456996
262.77211572123565,0.21639937467556647
263.329339546338,0.7024765503337878
263.237713823533,0.6678579620218005
263.2496650047684,0.6332429952798859
263.36559146275215,0.5974778178833124
263.27356736723925,0.564013061796057
263.2855185484747,0.5293980950541415
263.81435831814287,0.49768581672440954
264.46948223619876,0.1002087231551107
264.1579547786617,0.4025055228943585
264.16990595989716,0.3678905561524436
264.18185714113264,0.33327558941052865
264.19380832236806,0.2986606226686136
264.2057595036035,0.26404565592669915
264.21771068483883,0.22943068918478302
264.22966186607437,0.19481572244287282
264.2416130473097,0.16020075570095474
266.39216171517563,0.09809646253082492
266.54022357159243,0.40258881900599885
266.50204618709034,0.3131644072093379
266.6062040513297,0.21148535678501132
266.9307948139117,0.7713524753431436
266.55217475282785,0.3679738522640841
266.58802829653416,0.26412895203833897
266.62388184024053,0.16028405181259903
267.35389982737183,0.7458864999939627
267.16168499583523,0.7026105484264273
267.17363617707065,0.6679955816845117
267.18558735830607,0.6333806149425969
267.1975385395415,0.5987656482006827
267.20948972077696,0.5641506814587682
267.22144090201243,0.5295357147168527
267.23339208324785,0.49492074797493774
267.22821323804584,0.44992056689643367
268.03093424435946,0.4049486340644881
268.0580235884931,0.2064880427828107
268.40450825114385,0.10294246532346418
268.11080797228294,0.3536052730060234
268.12275915351836,0.3189903062641074
268.13471033475383,0.2843753395221936
268.14666151598925,0.24976037278027874
268.2104011492449,0.16514721682339328
268.07296256503736,0.7632193343554199
268.1795272643867,0.4545692142400128
270.32115404348303,0.10163928860292284
270.3725690210896,0.20272281709864323
270.6593973707401,0.351963615292682
270.40941849656554,0.2959933363110673
270.42136967780095,0.2613783695691533
270.32476429614786,0.24118268406629845
270.4572232215073,0.157533469343408
270.36061783985417,0.13733778384055825
271.1533795284716,0.41264022805543965
271.28546497941744,0.7586441596146642
271.173962118377,0.6815969916824598
271.12051378007413,0.6364028151671348
271.1324649613096,0.6017878484252193
271.21645520721415,0.5585215543778742
271.2616041141036,0.527753902241751
271.4401680408513,0.4905678380433855
271.2855064765745,0.4585239687579217
271.8737701751633,0.35469838357255645
271.958424375581,0.3095090358173279
271.94685828796315,0.22300863140866878
272.3406297910354,0.10250316887381049
272.02930151985225,0.4042230525006938
271.9720354430991,0.2700864348057018
272.10051064138,0.49797554233011726
272.5188019846204,0.18645170636310054
272.5307531658559,0.151836739621187
273.6832952062484,0.11365588444777382
274.39347755230153,0.2567095621521777
274.3732269396526,0.21536270024264437
274.38517812088804,0.1807477335007301
274.3971293021235,0.14613276675880937
274.7698567669036,0.11657849149534905
274.4160520057462,0.09132573608411934
275.1472082006143,0.587917235051969
275.09513519665984,0.3958824472845972
275.22126284148385,0.7591423518476026
275.4004309668385,0.5402063087750626
275.31039873486486,0.5009723915641559
275.32234991610034,0.46635742482224024
275.22939628426906,0.4355849439260223
275.5056013617104,0.335594601446212
275.3796159928534,0.30049404251723116
275.24068351099146,0.7028930308919921
275.2526346922269,0.6682780641500767
275.26458587346235,0.6336630974081625
276.28755007682906,0.11364392033235154
275.79641343843934,0.5932970773929509
275.86812052585196,0.3856072769414628
276.3828180643916,0.21485604258966395
276.32226541279863,0.2702385407486976
276.35811895650494,0.16639364052294597
277.6189685768437,0.11451464925094171
278.3101452249599,0.21261573934352992
278.32209640619527,0.17800077260161326
278.33404758743075,0.14338580585970084
278.6144577101215,0.09788278989662057
279.00181983896084,0.7592745391552069
279.05291113874233,0.5212955563335212
278.9409020123858,0.48571471685357914
278.9528531936212,0.4510997501116638
278.96596629525453,0.4131194393809513
278.9767555560921,0.38186981662783503
278.98737882830136,0.3511009573016871
278.7931721332255,0.3135941668578044
278.7005504786509,0.28186015910764484
278.71150572811666,0.2501297729275555
279.17660586452917,0.7030306505547039
279.39869864915437,0.6597691852674512
279.41064983038984,0.6251542185255363
279.42260101162526,0.5905392517836221
279.3990306264108,0.5588076584135102
280.2630429337132,0.10631383017250667
279.67357581756943,0.7636249502034114
279.7602218815264,0.5126664413245282
279.7721730627618,0.47805147458261354
279.78412424399727,0.44343650784069866
279.7960754252327,0.40882154109878355
279.81201033354665,0.36266825210956377
280.28009826526795,0.2069153880512249
280.24026099448315,0.3222986105242808
280.25221217571857,0.287683643782367
280.26416335695404,0.25306867704045166
280.30001690066035,0.14922377681470464
280.8730096454483,0.08962842691067577
282.54571854968196,0.09485518246677577
282.46641748252597,0.17453990970218192
282.27594553158616,0.12621594215145338
282.9900286104035,0.7579716793220417
282.9725002112583,0.44874029721018294
282.5936477660949,0.4060347429288841
282.6055989473303,0.37141977618696803
282.6175501285657,0.3368048094450542
282.6295013098012,0.3021898427031382
282.6414524910366,0.26757487596122487
282.6534036722721,0.23295990921930865
282.55679829061893,0.21276422371645415
283.3035257996628,0.5833031535827384
283.3196820261477,0.7031755133575568
283.3316332073832,0.6685605466156426
283.34358438861864,0.633945579873727
283.37943793232495,0.530100679647983
283.39138911356036,0.4954857129060672
283.81366418387915,0.7724235546917433
283.6184615570337,0.7378013448096863
283.71755676811085,0.45078557890797466
284.077918080085,0.40704817895384804
284.0576674674361,0.36570131704431463
284.0696186486715,0.33108635030239975
284.0815698299069,0.29647138356048475
284.09352101114234,0.26185641681857036
284.10547219237776,0.22724145007665567
284.11742337361324,0.1926264833347353
284.5426862392409,0.1609105834349292
284.45305237997513,0.12052283399929759
284.1512850537804,0.09455074423264344
285.26872049929375,0.15805135386361094
286.42808467230833,0.10011112184168484
286.63547086446874,0.3994452961840715
286.54650095971607,0.3571344930405478
286.5584521409515,0.3225195262986331
286.57040332218696,0.287904559556718
286.5823545034224,0.2532895928148033
286.59430568465785,0.2186746260728885
286.6062568658933,0.1840596593309722
286.6182080471287,0.14944469258905646
287.19252870094283,0.7193365686025956
287.16358028417255,0.6698483769330126
287.19395620314594,0.5818686697973113
287.3274774557263,0.49514256914180726
287.43985175706507,0.7696657290824136
287.2795067421563,0.6340831995364389
287.3153602858626,0.5302382993106942
287.7565580598042,0.45236911042166994
287.66725617779497,0.41101983413209064
287.9925938892041,0.3687235172688518
288.0045450704395,0.33410855052693805
288.016496251675,0.29949358378502244
288.0284474329104,0.26487861704310833
288.04039861414583,0.23026365030119283
288.05633352245974,0.18411036131196828
288.35112932626726,0.09694118167806576
288.5881610874368,0.14374434129676408
290.3628119077224,0.10371023817858949
290.6925649166435,0.3486256141579238
290.5023419486462,0.2995805014667357
290.5142931298816,0.2649655347248202
290.526244311117,0.2303505679829046
290.5381954923525,0.1957356012409902
290.55014667358785,0.16112063449907318
291.22401900720695,0.7593413118533989
291.18256334729654,0.6544119777394146
291.1198196458105,0.6111405531344676
291.1317708270459,0.5765255863925531
290.82701570554224,0.5592072383113809
291.149697598899,0.5246031362796812
291.1616487801345,0.48998816953776597
291.1735999613699,0.4553732027958512
291.18555114260533,0.4207582360539355
291.1975023238408,0.38614326931202225
291.709162270483,0.10419000567378434
291.398680541304,0.703457995823122
291.9344918333595,0.3515536535606061
291.946443014595,0.31693868681869186
291.9583941958303,0.2823237200767764
291.9743291041443,0.23617043108755623
292.3342588456849,0.09368301604354844
291.89565049434435,0.7640522954718301
291.9783128312228,0.5246321088402524
291.9902640124582,0.490017142098336
292.00221519369364,0.45540217535642163
292.01416637492906,0.42078720861450625
292.0261175561645,0.3861722418725916
292.5028368965559,0.20541967961176286
292.4125390827771,0.16695498388401164
292.73820877144266,0.1236971401668286
294.29628869547025,0.1109311056653381
295.1523473810012,0.0914738583000252
295.64010496517255,0.11875052814563501
296.82874953221386,0.12600362760601264
298.0563421452457,0.14902045152355164
299.2900565769725,0.1471634052416208
299.7568719292104,0.19509639412340155
300.0490949092797,0.09871238094088455
300.39513140263415,0.14646486473435844
301.33542378405787,0.12303620362880355
302.4724458877072,0.12980672887719358
302.23342226299843,0.10210606371548248
302.6296039209532,0.3946199162210116
302.6905549452539,0.2180835858372463
303.06363098615356,0.7575197073771371
303.0827860738559,0.4620396079046784
302.71047358064635,0.3403919746007214
302.72242476188177,0.3057770078588055
302.7343759431172,0.2711620411168911
302.7672416915147,0.17597088257662008
303.20644760191703,0.7038708548112544
303.21839878315245,0.6692558880693409
303.2303499643879,0.6346409213274254
303.34627642237166,0.598875743930851
303.25425232685876,0.565410987843595
303.2662035080942,0.5307960211016802
303.27815468932965,0.496181054359766
304.13552745150116,0.11291776319759614
303.90990740852516,0.7663954513079891
304.12967635235464,0.42986467399833284
304.14162753359005,0.3952497072564175
304.15357871482547,0.36063474051450284
304.16552989606095,0.32601977377258784
304.17748107729636,0.29140480703067406
304.1894322585318,0.25678984028875823
304.2013834397673,0.2221748735468433
304.21333462100273,0.1875599068049336
304.22528580223815,0.15294494006300566
305.0665991646245,0.11619551046030269
304.76508082137207,0.08950227555319629
306.55111846155705,0.11648780134480902
306.6272740442073,0.21591354105049582
306.83711686806623,0.3881324166737081
306.64739186595364,0.33764501370160593
306.659343047189,0.30303004695969143
306.67129422842453,0.26841508021777605
306.70714777213084,0.16457017999202384
306.6314569576397,0.08379830269083098
307.33010309402806,0.7602650385697194
307.1423699554547,0.7040084744739656
307.15432113669016,0.669393507732051
307.16627231792563,0.6347785409901363
307.178223499161,0.6001635742482223
307.1901746803964,0.5655486075063062
307.2736669604162,0.5237246037398744
307.4219777997755,0.4941624817412495
307.3309330371694,0.45786122143486563
307.44812100872804,0.4184422419933115
307.86392252254427,0.11412985743085975
307.9384514166376,0.29826707872085967
308.03731424363514,0.21192438161690982
308.07854581889734,0.39250274635730276
307.9909038231708,0.3463458357980124
308.5725279766288,0.16175078769149454
308.89760010623274,0.12022369231139698
308.5974262708693,0.08963627364582942
310.45409207238316,0.1120569612612723
310.37715634318005,0.33489080966234813
310.38910752441546,0.30027584292043286
310.4010587056509,0.2656608761785174
310.518578654466,0.22528036988302294
310.4249610681218,0.19643094269468858
310.4369122493572,0.16181597595276553
311.26602544756577,0.7604026582324306
311.1652703502058,0.6522260584038515
311.1111580573898,0.6089549355964121
311.1221133068557,0.5772245494163231
311.3417162620568,0.5411745355336374
311.35366744329224,0.5065595687917221
311.36566842111614,0.4718003730217162
311.37756980576313,0.43732963530789265
311.38957078358703,0.40257043953788685
311.40122318529154,0.3688208469645189
311.7995958931396,0.11498862223402553
311.2854461170733,0.7041533372768198
311.86773422504433,0.3176352354624137
311.81594577302417,0.267633424677378
312.28087992080833,0.2210150657314954
312.11306541762735,0.40706689039921595
312.50247473954875,0.17919589072514827
312.7265593877133,0.1301652643142579
312.5298628632133,0.09986992527493514
314.38802256238154,0.11796374204763577
314.38412182961724,0.22926168258145502
314.3638712169683,0.18791482067192336
314.7358517329213,0.16052398082982672
314.91417884922606,0.0940238057872701
315.08459384091657,0.4004400207636665
315.2019478011034,0.7605402778951433
315.3317177106848,0.564679430689184
315.3886850079071,0.519681422552722
315.4006361891426,0.4850664558108084
315.412587370378,0.4504514890688932
315.4484409140843,0.3466065888431494
314.8389306710769,0.31196989268080605
314.85088185231234,0.2773549259388901
315.22136847061097,0.7042909569395306
315.2333196518464,0.6696759901976168
315.454416504702,0.6292991054721907
315.4663676859375,0.594684138730277
316.2865728277622,0.11907179159070694
315.83884616777533,0.415851008607264
315.85079734901075,0.3812360418653493
316.2893393049,0.31105906780786274
316.36111278776394,0.22317696198558595
316.40453541291936,0.27740924948996093
316.4403889566257,0.17356434926420822
316.36768593744347,0.08413873027752491
317.600151502348,0.11447028501755982
318.46876999408477,0.1986352716781174
318.31074881997176,0.1563220541545399
318.6346258314521,0.11825645544864517
318.333655250673,0.08997670123254087
318.9825047985803,0.7606724652027463
319.0015270953801,0.49557697647186594
318.93420210775383,0.45057462245131913
318.9461532889892,0.41595965570940374
318.95677656119847,0.3851907963832579
318.6573330757995,0.3524880186390136
318.6692842570349,0.3178730518970978
318.68123543827033,0.2832580851551836
318.6931866195058,0.24864311841326855
318.5975771696223,0.22556285234858792
319.3469604967185,0.5884095673833349
319.36892632519283,0.6914552072141664
319.3808775064283,0.6568402404722509
319.18119318661945,0.6351986431184118
319.4209637601555,0.5407358728587459
320.20036336419713,0.1166445348495551
319.65426077718894,0.7650228762509497
319.7448905682244,0.5025260451247622
319.7568417494598,0.4679110783828471
319.7687929306952,0.43329611164093296
319.7847278390091,0.3871428226517116
320.14658304863764,0.3390785518548465
320.1263324359888,0.2977316899453124
320.1382836172242,0.2631167232033976
320.2554715887828,0.2236977437618452
320.1621859796951,0.19388678971957346
320.06558059804195,0.17369110421671694
320.0964544829002,0.08426910680009088
321.53607385588566,0.11460790468026902
322.46328633340175,0.12906340162004554
322.2675857406715,0.09588348201889975
322.8623229957628,0.7733081231816696
322.56536933978776,0.4333938940328591
322.57732052102324,0.39877892729094366
322.58927170225866,0.3641639605490283
322.6012228834941,0.3295489938071147
322.61317406472955,0.29493402706519845
322.625125245965,0.26031906032328384
322.6370764272004,0.22570409358136945
322.65350930139914,0.17810851431122834
323.28692190687735,0.7435152769897493
323.1967900817267,0.7045698178350244
323.20874126296223,0.6699548510931104
323.22069244419765,0.6353398843511943
323.23264362543307,0.6007249176092799
323.2445948066685,0.5661099508673653
323.25654598790396,0.5314949841254509
323.27307845527963,0.48361094679913535
324.2078600142449,0.11614363146903074
323.7958430411531,0.7694946098965434
324.01146226927585,0.44498291826116176
324.1273223318082,0.4094100462353761
324.03536463174663,0.37575298477733365
324.04731581298216,0.341138018035418
324.0592669942176,0.3065230512935039
324.071218175453,0.27190808455158844
324.0831693566884,0.23729311780967322
324.0951205379239,0.20267815106774872
324.1070717191593,0.16806318432583406
325.2648424013424,0.11473828120283328
326.6111429675146,0.11536227772614159
326.73209888093487,0.36502996849234004
326.5411289641103,0.31814829122251986
326.5530801453457,0.28353332448060575
326.56503132658116,0.2489183577386912
326.5769825078165,0.21430339099677484
326.58893368905206,0.17968842425485532
327.26865712181757,0.7609621908084543
326.8691224935717,0.6681597595277453
326.8488718809228,0.6268128976182128
326.9640679889422,0.5931630793003106
326.87277424339374,0.5575829641343831
326.8847254246291,0.5229679973924692
326.89667660586457,0.4883530306505533
326.90862778709993,0.45373806390863897
327.0258157586586,0.41431908446708565
326.8239735866823,0.39892741166386825
327.33687844803654,0.11336842232334857
327.4414512838466,0.7104874633316012
327.94041310042616,0.765312601856657
