#,va,failed_va,aa,vg,ag,vw,aw
:2009-06-01 030930000-0400:472.210419,472.210419,472.210419,37.51469447,467.9487179,30,10,37.51469447
:2009-06-01 030931000-0400:470.9925989,470.9925989,470.9925989,37.72429855,467.9487179,30,10,37.72429855
:2009-06-01 030932000-0400:471.0216472,471.0216472,471.0216472,37.72429855,468.9102564,30,10,37.72429855
:2009-06-01 030933000-0400:471.0506959,471.0506959,471.0506959,34.15437507,468.2692308,30,10,34.15437507
:2009-06-01 030934000-0400:471.0797448,471.0797448,471.0797448,33.57633113,468.9102564,30,10,33.57633113
:2009-06-01 030935000-0400:471.0830097,471.0830097,471.0830097,33.57633113,468.9102564,30,10,33.57633113
:2009-06-01 030936000-0400:471.1120591,471.1120591,471.1120591,35.69784851,470.8333333,30,10,35.69784851
:2009-06-01 030937000-0400:471.3735141,471.3735141,471.3735141,38.56271487,470.5128205,30,10,38.56271487
:2009-06-01 030938000-0400:465.8628545,465.8628545,465.8628545,38.56271487,471.474359,30,10,38.56271487
:2009-06-01 030939000-0400:470.1441626,470.1441626,470.1441626,37.59121659,471.474359,30,10,37.59121659
:2009-06-01 030940000-0400:470.0743174,470.0743174,470.0743174,37.59121659,470.8333333,30,10,37.59121659
:2009-06-01 030941000-0400:471.231526,471.231526,471.231526,37.32837973,470.1923077,30,10,37.32837973
:2009-06-01 030942000-0400:474.5465217,474.5465217,474.5465217,37.53798381,468.5897436,30,10,37.53798381
:2009-06-01 030943000-0400:471.8011919,471.8011919,471.8011919,37.53798381,468.5897436,30,10,37.53798381
:2009-06-01 030944000-0400:472.2618592,472.2618592,472.2618592,37.03892647,468.5897436,30,10,37.03892647
:2009-06-01 030945000-0400:472.4638342,472.4638342,472.4638342,37.48475103,468.5897436,30,10,37.48475103
:2009-06-01 030946000-0400:474.3794557,474.3794557,474.3794557,37.48475103,469.2307692,30,10,37.48475103
:2009-06-01 030947000-0400:472.6852068,472.6852068,472.6852068,37.45813463,469.2307692,30,10,37.45813463
:2009-06-01 030948000-0400:476.6381414,476.6381414,476.6381414,37.19529777,467.9487179,30,10,37.19529777
:2009-06-01 030949000-0400:474.4186537,474.4186537,474.4186537,37.19529777,468.9102564,30,10,37.19529777
:2009-06-01 030950000-0400:474.2377244,474.2377244,474.2377244,37.16868138,468.9102564,30,10,37.16868138
:2009-06-01 030951000-0400:474.328001,474.328001,474.328001,38.55938782,468.9102564,30,10,38.55938782
:2009-06-01 030952000-0400:468.2278328,468.2278328,468.2278328,38.55938782,467.6282051,30,10,38.55938782
:2009-06-01 030953000-0400:478.2037394,478.2037394,478.2037394,38.7689919,469.2307692,30,10,38.7689919
:2009-06-01 030954000-0400:484.9100548,484.9100548,484.9100548,38.7689919,468.5897436,30,10,38.7689919
:2009-06-01 030955000-0400:469.8850087,469.8850087,469.8850087,38.0337141,468.5897436,30,10,38.0337141
:2009-06-01 030956000-0400:482.52013,482.52013,482.52013,38.0070977,470.5128205,30,10,38.0070977
:2009-06-01 030957000-0400:476.2859659,476.2859659,476.2859659,38.0070977,470.8333333,30,10,38.0070977
:2009-06-01 030958000-0400:476.3569574,476.3569574,476.3569574,38.68914273,472.1153846,30,10,38.68914273
:2009-06-01 030959000-0400:481.0931159,481.0931159,481.0931159,37.2452035,472.1153846,30,10,37.2452035
:2009-06-01 031000000-0400:491.0171258,491.0171258,491.0171258,37.2452035,469.2307692,30,10,37.2452035
:2009-06-01 031001000-0400:486.2441386,486.2441386,486.2441386,35.32882333,475,30,10,35.32882333
:2009-06-01 031002000-0400:516.7870515,516.7870515,516.7870515,36.24708883,475,30,10,36.24708883
:2009-06-01 031003000-0400:496.0189465,496.0189465,496.0189465,36.24708883,475,30,10,36.24708883
:2009-06-01 031004000-0400:354.1132463,354.1132463,354.1132463,37.16535433,476.9230769,30,10,37.16535433
:2009-06-01 031005000-0400:371.7182946,371.7182946,371.7182946,36.66629699,476.9230769,30,10,36.66629699
:2009-06-01 031006000-0400:514.8384665,514.8384665,514.8384665,36.66629699,476.9230769,30,10,36.66629699
:2009-06-01 031007000-0400:452.959064,452.959064,452.959064,35.45857824,476.9230769,30,10,35.45857824
:2009-06-01 031008000-0400:163.9088618,163.9088618,163.9088618,35.45857824,476.9230769,30,10,35.45857824
:2009-06-01 031009000-0400:139.8527884,139.8527884,139.8527884,34.25085949,476.9230769,30,10,34.25085949
:2009-06-01 031010000-0400:127.2817761,127.2817761,127.2817761,37.53132971,476.9230769,30,10,37.53132971
:2009-06-01 031011000-0400:143.8679177,143.8679177,143.8679177,37.53132971,475.9615385,30,10,37.53132971
:2009-06-01 031012000-0400:107.0983892,107.0983892,107.0983892,38.44959521,473.3974359,30,10,38.44959521
:2009-06-01 031013000-0400:142.4386084,142.4386084,142.4386084,38.42297882,468.5897436,30,10,38.42297882
:2009-06-01 031014000-0400:166.7550932,166.7550932,166.7550932,38.42297882,468.5897436,30,10,38.42297882
:2009-06-01 031015000-0400:168.1779132,168.1779132,168.1779132,38.6325829,467.6282051,30,10,38.6325829
:2009-06-01 031016000-0400:165.6043012,165.6043012,165.6043012,38.36974604,461.5384615,30,10,38.36974604
:2009-06-01 031017000-0400:141.9471749,141.9471749,141.9471749,38.36974604,458.974359,30,10,38.36974604
:2009-06-01 031018000-0400:151.6975162,151.6975162,151.6975162,38.34312964,458.974359,30,10,38.34312964
:2009-06-01 031019000-0400:169.3140147,169.3140147,169.3140147,38.31651325,452.8846154,30,10,38.31651325
:2009-06-01 031020000-0400:179.1728753,179.1728753,179.1728753,38.31651325,449.4505495,30,10,38.31651325
:2009-06-01 031021000-0400:181.6621937,181.6621937,181.6621937,38.28989686,445.8333333,30,10,38.28989686
:2009-06-01 031022000-0400:188.9221023,188.9221023,188.9221023,37.31839858,445.8333333,30,10,37.31839858
:2009-06-01 031023000-0400:192.1634047,192.1634047,192.1634047,37.31839858,441.9871795,30,10,37.31839858
:2009-06-01 031024000-0400:197.854143,197.854143,197.854143,37.76422313,438.4615385,30,10,37.76422313
:2009-06-01 031025000-0400:208.5788419,208.5788419,208.5788419,37.76422313,430.982906,30,10,37.76422313
:2009-06-01 031026000-0400:211.9576075,211.9576075,211.9576075,37.02894533,430.982906,30,10,37.02894533
:2009-06-01 031027000-0400:208.3264674,208.3264674,208.3264674,37.00232893,427.2435897,30,10,37.00232893
:2009-06-01 031028000-0400:212.1779697,212.1779697,212.1779697,37.00232893,426.9230769,30,10,37.00232893
:2009-06-01 031029000-0400:208.5912569,208.5912569,208.5912569,37.92059443,418.5897436,30,10,37.92059443
:2009-06-01 031030000-0400:218.2900992,218.2900992,218.2900992,37.18531662,418.5897436,30,10,37.18531662
:2009-06-01 031031000-0400:209.8324598,209.8324598,209.8324598,37.18531662,417.3076923,30,10,37.18531662
:2009-06-01 031032000-0400:205.7263993,205.7263993,205.7263993,38.10358212,416.9871795,30,10,38.10358212
:2009-06-01 031033000-0400:215.0689128,215.0689128,215.0689128,37.84074526,412.9120879,30,10,37.84074526
:2009-06-01 031034000-0400:210.1994664,210.1994664,210.1994664,37.84074526,412.9120879,30,10,37.84074526
:2009-06-01 031035000-0400:212.6643873,212.6643873,212.6643873,37.34168792,410.2564103,30,10,37.34168792
:2009-06-01 031036000-0400:209.5174223,209.5174223,209.5174223,36.13396917,409.6153846,30,10,36.13396917
:2009-06-01 031037000-0400:414.5673129,414.5673129,414.5673129,36.13396917,408.0128205,30,10,36.13396917
:2009-06-01 031038000-0400:420.3729954,420.3729954,420.3729954,36.34357325,408.0128205,30,10,36.34357325
:2009-06-01 031039000-0400:413.871915,413.871915,413.871915,36.34357325,405.7692308,30,10,36.34357325
:2009-06-01 031040000-0400:409.926534,409.926534,409.926534,36.55317733,405.2197802,30,10,36.55317733
:2009-06-01 031041000-0400:414.4373422,414.4373422,414.4373422,36.99900189,405.2197802,30,10,36.99900189
:2009-06-01 031042000-0400:414.3035094,414.3035094,414.3035094,36.99900189,405.7692308,30,10,36.99900189
:2009-06-01 031043000-0400:413.4337572,413.4337572,413.4337572,36.26372408,404.1208791,30,10,36.26372408
:2009-06-01 031044000-0400:414.2349404,414.2349404,414.2349404,36.00088721,401.9230769,30,10,36.00088721
:2009-06-01 031045000-0400:414.4264594,414.4264594,414.4264594,36.00088721,401.9230769,30,10,36.00088721
:2009-06-01 031046000-0400:414.291867,414.291867,414.291867,36.68293224,401.9230769,30,10,36.68293224
:2009-06-01 031047000-0400:415.093341,415.093341,415.093341,36.1838749,401.9230769,30,10,36.1838749
:2009-06-01 031048000-0400:415.036076,415.036076,415.036076,36.1838749,401.9230769,30,10,36.1838749
:2009-06-01 031049000-0400:413.0264519,413.0264519,413.0264519,36.39347898,401.9230769,30,10,36.39347898
:2009-06-01 031050000-0400:408.7698521,408.7698521,408.7698521,36.13064212,401.9230769,30,10,36.13064212
:2009-06-01 031051000-0400:408.9163876,408.9163876,408.9163876,36.13064212,401.9230769,30,10,36.13064212
:2009-06-01 031052000-0400:412.6922258,412.6922258,412.6922258,37.04890762,399.0384615,30,10,37.04890762
:2009-06-01 031053000-0400:404.8236379,404.8236379,404.8236379,37.49473217,399.0384615,30,10,37.49473217
:2009-06-01 031054000-0400:413.8056089,413.8056089,413.8056089,37.49473217,398.7179487,30,10,37.49473217
:2009-06-01 031055000-0400:406.3964013,406.3964013,406.3964013,36.05079295,393.9102564,30,10,36.05079295
:2009-06-01 031056000-0400:406.0452123,406.0452123,406.0452123,36.05079295,389.5604396,30,10,36.05079295
:2009-06-01 031057000-0400:404.7924272,404.7924272,404.7924272,36.26039703,389.5604396,30,10,36.26039703
:2009-06-01 031058000-0400:399.2662989,399.2662989,399.2662989,35.76133969,384.8901099,30,10,35.76133969
:2009-06-01 031059000-0400:391.2041344,391.2041344,391.2041344,35.76133969,378.5714286,30,10,35.76133969
:2009-06-01 031100000-0400:389.8020931,389.8020931,389.8020931,34.58768358,377.5641026,30,10,34.58768358
:2009-06-01 031101000-0400:389.5826056,389.5826056,389.5826056,36.88920927,377.5641026,30,10,36.88920927
:2009-06-01 031102000-0400:387.6961387,387.6961387,387.6961387,36.88920927,368.9102564,30,10,36.88920927
:2009-06-01 031103000-0400:374.7908416,374.7908416,374.7908416,37.5712543,364.8351648,30,10,37.5712543
:2009-06-01 031104000-0400:375.869848,375.869848,375.869848,37.54463791,360.5769231,30,10,37.54463791
:2009-06-01 031105000-0400:368.2669757,368.2669757,368.2669757,37.54463791,360.5769231,30,10,37.54463791
:2009-06-01 031106000-0400:368.4707856,368.4707856,368.4707856,37.51802151,356.7307692,30,10,37.51802151
:2009-06-01 031107000-0400:365.1180066,365.1180066,365.1180066,37.49140512,351.2019231,30,10,37.49140512
:2009-06-01 031108000-0400:360.2222477,360.2222477,360.2222477,37.49140512,344.2307692,30,10,37.49140512
:2009-06-01 031109000-0400:352.4782273,352.4782273,352.4782273,37.46478873,344.2307692,30,10,37.46478873
:2009-06-01 031110000-0400:352.5629952,352.5629952,352.5629952,37.46478873,344.2307692,30,10,37.46478873
:2009-06-01 031111000-0400:344.5439767,344.5439767,344.5439767,37.43817234,341.9871795,30,10,37.43817234
:2009-06-01 031112000-0400:345.7272567,345.7272567,345.7272567,37.41155595,337.8205128,30,10,37.41155595
:2009-06-01 031113000-0400:345.7294299,345.7294299,345.7294299,37.41155595,337.8205128,30,10,37.41155595
:2009-06-01 031114000-0400:342.039729,342.039729,342.039729,37.38493956,333.974359,30,10,37.38493956
:2009-06-01 031115000-0400:339.8253615,339.8253615,339.8253615,36.41344128,329.3269231,30,10,36.41344128
:2009-06-01 031116000-0400:339.7769804,339.7769804,339.7769804,36.41344128,327.8846154,30,10,36.41344128
:2009-06-01 031117000-0400:330.2365048,330.2365048,330.2365048,35.91438394,327.8846154,30,10,35.91438394
:2009-06-01 031118000-0400:330.4228116,330.4228116,330.4228116,36.83264944,326.9230769,30,10,36.83264944
:2009-06-01 031119000-0400:329.8039555,329.8039555,329.8039555,36.83264944,323.3974359,30,10,36.83264944
:2009-06-01 031120000-0400:330.3414369,330.3414369,330.3414369,37.27847399,323.3974359,30,10,37.27847399
:2009-06-01 031121000-0400:326.8221858,326.8221858,326.8221858,37.2518576,316.2087912,30,10,37.2518576
:2009-06-01 031122000-0400:313.6715114,313.6715114,313.6715114,37.2518576,311.5384615,30,10,37.2518576
:2009-06-01 031123000-0400:313.6528104,313.6528104,313.6528104,37.22524121,309.6153846,30,10,37.22524121
:2009-06-01 031124000-0400:312.6600008,312.6600008,312.6600008,37.19862482,309.6153846,30,10,37.19862482
:2009-06-01 031125000-0400:305.460482,305.460482,305.460482,37.19862482,302.2435897,30,10,37.19862482
:2009-06-01 031126000-0400:314.7377081,314.7377081,314.7377081,39.77043363,299.6794872,30,10,39.77043363
:2009-06-01 031127000-0400:306.2377215,306.2377215,306.2377215,39.77043363,293.1318681,30,10,39.77043363
:2009-06-01 031128000-0400:305.0779257,305.0779257,305.0779257,42.34224243,293.1318681,30,10,42.34224243
:2009-06-01 031129000-0400:301.4788191,301.4788191,301.4788191,42.78806698,286.2980769,30,10,42.78806698
:2009-06-01 031130000-0400:297.3037047,297.3037047,297.3037047,42.78806698,286.5384615,30,10,42.78806698
